* selected A (0-based): [80 93 77 28  6 52 15 79  0 41 46 76 16 65 11 88 45 94 18 69 72 90 57 54 40
 61 83 62 44 71 53 37 49 38 81 82 75 39 74 63 50 42]
* selected M (0-based): [ 98 190 166 150 121 164 183 160 130 131 143 168 144 172 185 117 159 152
 126 180 173 154 161 118 119 156 157 140 125 147 109 182 123 135 151 137
 184 149 139 136 138 153 148 146 155  99]
* selected P (0-based): [227 271 272 247 236 212 210 264 207 239 246 259 238 257 193 242 226 266
 261 201 274 234 282 278 205 280 284 283 279 213 228 281 230 232 229 276
 196 209 231 263]
* high: [('A', 43)]
* low: [('A', 1), ('A', 29), ('A', 46), ('A', 58), ('A', 77), ('A', 80), ('A', 91), ('M', 23), ('M', 28), ('M', 67)]
* high odd: [('A', 38)]
* low odd: []
