* selected A (0-based): [84 37 94 69 66 65 14  5 85 41 79 72 54 46 93  3 92 89 87 70 26 61 58 30 77
 18 53 16 47 91 52 81 57 38 40 55 49 44 82 62 74 71 56 75 63 50 42]
* selected M (0-based): [156 188 157 145 108 106 176 107 113 118 104 173 141 187 137 147 109 179
 138 151 127 140 117 123 185 146 135 153  99 136 125 139 148 155]
* selected P (0-based): [255 260 258 233 275 246 238 266 206 210 247 272 241 259 239 208 251 227
 282 278 225 280 224 285 244 283 234 263 193 213 228 281 242 226 274 279
 232 284 229 209 201 205 196 261 230 276 231]
* high: []
* low: [('A', 4)]
* high odd: [('A', 78)]
* low odd: [('M', 40)]
